25 25 30 2 -5 1 0
3 15 7 0 23 7
3 12 7 0 17 17
3 12 7 0 3 2
11 36 7 0 17 11
1 12 5 0 5 3
1 18 5 0 12 12
1 18 5 0 12 9
1 9 5 0 19 1
2 25 4 0 12 17
2 7 4 0 11 2
2 13 4 0 18 11
2 25 4 0 21 10
4 2 1 0 19 20
7 0 0 0 0 21
8 0 0 0 11 7
8 0 0 0 5 6
6 0 0 0 20 15
8 0 0 0 16 8
8 0 0 0 11 23
8 0 0 0 8 0
7 0 0 0 2 24
8 0 0 0 17 12
7 0 0 0 0 22
6 0 0 0 20 16
8 0 0 0 16 7
7 0 0 0 1 22
6 0 0 0 20 14
7 0 0 0 16 6
7 0 0 0 0 23
8 0 0 0 15 7
7 0 0 0 2 22
7 0 0 0 1 23
7 0 0 0 1 19
6 0 0 0 20 13
7 0 0 0 0 24
8 0 0 0 16 12
8 0 0 0 10 24
7 0 0 0 4 24
7 0 0 0 0 19
6 0 0 0 17 1
7 0 0 0 1 24
7 0 0 0 5 24
7 0 0 0 15 4
8 0 0 0 17 13
8 0 0 0 10 23
6 0 0 0 9 1
7 0 0 0 16 3
7 0 0 0 15 3
7 0 0 0 14 4
7 0 0 0 13 4
7 0 0 0 13 5
7 0 0 0 17 6
7 0 0 0 5 22
8 0 0 0 10 22
7 0 0 0 13 3
7 0 0 0 17 7
7 0 0 0 18 7
8 0 0 0 4 6
8 0 0 0 12 22
6 0 0 0 18 1
7 0 0 0 15 2
7 0 0 0 14 3
7 0 0 0 18 3
7 0 0 0 12 4
7 0 0 0 18 8
7 0 0 0 14 5
7 0 0 0 11 4
7 0 0 0 19 8
7 0 0 0 11 5
7 0 0 0 12 5
6 0 0 0 19 15
6 0 0 0 19 14
8 0 0 0 14 7
6 0 0 0 21 13
6 0 0 0 9 0
7 0 0 0 17 8
7 0 0 0 19 7
7 0 0 0 18 2
9 99 0 0 3 17
7 0 0 0 14 2
7 0 0 0 18 4
7 0 0 0 17 9
8 0 0 0 15 8
8 0 0 0 16 13
6 0 0 0 18 15
6 0 0 0 21 14
7 0 0 0 17 5
8 0 0 0 14 11
7 0 0 0 16 9
7 0 0 0 6 24
6 0 0 0 21 15
9 99 0 0 9 5
7 0 0 0 13 7
7 0 0 0 12 3
8 0 0 0 11 21
7 0 0 0 18 9
6 0 0 0 18 16
7 0 0 0 15 9
7 0 0 0 13 8
7 0 0 0 6 15
6 0 0 0 20 17
7 0 0 0 16 2
8 0 0 0 18 13
6 0 0 0 10 0
7 0 0 0 19 6
7 0 0 0 17 2
8 0 0 0 5 7
8 0 0 0 17 14
7 0 0 0 18 6
6 0 0 0 18 0
7 0 0 0 17 3
7 0 0 0 19 3
7 0 0 0 11 3
6 0 0 0 19 17
8 0 0 0 2 5
8 0 0 0 19 13
6 0 0 0 10 1
7 0 0 0 20 6
8 0 0 0 5 5
6 0 0 0 21 12
7 0 0 0 20 7
8 0 0 0 14 8
9 99 0 0 0 15
9 99 0 0 5 19
10 10 0 0 9 17
10 10 0 0 11 15
10 10 0 0 10 13
7 0 0 0 6 14
7 0 0 0 7 14
6 0 0 0 19 0
10 10 0 0 7 3
6 0 0 0 16 1
7 0 0 0 16 4
9 99 0 0 4 22
7 0 0 0 18 5
7 0 0 0 7 23
7 0 0 0 17 4
7 0 0 0 7 24
7 0 0 0 21 7
7 0 0 0 5 12
7 0 0 0 4 12
6 0 0 0 17 0
8 0 0 0 9 23
8 0 0 0 11 22
9 99 0 0 22 19
6 0 0 0 18 14
7 0 0 0 16 5
6 0 0 0 18 17
6 0 0 0 11 0
7 0 0 0 19 2
8 0 0 0 23 9
6 0 0 0 20 0
7 0 0 0 1 13
7 0 0 0 8 24
7 0 0 0 3 12
7 0 0 0 9 24
7 0 0 0 0 12
7 0 0 0 19 4
9 99 0 0 22 21
7 0 0 0 20 5
8 0 0 0 24 8
7 0 0 0 8 14
8 0 0 0 7 7
7 0 0 0 6 13
7 0 0 0 8 19
7 0 0 0 6 12
6 0 0 0 11 1
8 0 0 0 15 22
7 0 0 0 1 11
7 0 0 0 0 13
7 0 0 0 20 4
7 0 0 0 6 22
8 0 0 0 12 23
6 0 0 0 19 16
6 0 0 0 22 13
8 0 0 0 15 13
7 0 0 0 19 5
9 99 0 0 9 6
8 0 0 0 5 8
7 0 0 0 20 3
8 0 0 0 1 5
8 0 0 0 13 10
7 0 0 0 7 13
9 99 0 0 4 14
7 0 0 0 8 23
7 0 0 0 5 11
6 0 0 0 16 0
7 0 0 0 0 11
7 0 0 0 2 11
6 0 0 0 20 12
8 0 0 0 11 24
7 0 0 0 15 5
9 99 0 0 8 3
7 0 0 0 21 6
7 0 0 0 4 11
7 0 0 0 20 2
8 0 0 0 24 9
6 0 0 0 21 0
9 99 0 0 0 17
7 0 0 0 9 19
7 0 0 0 20 9
7 0 0 0 8 22
7 0 0 0 5 10
7 0 0 0 0 10
7 0 0 0 15 6
7 0 0 0 21 5
7 0 0 0 20 8
7 0 0 0 14 0
7 0 0 0 22 7
7 0 0 0 8 13
8 0 0 0 12 24
8 0 0 0 0 5
9 99 0 0 8 1
7 0 0 0 3 11
9 99 0 0 2 15
7 0 0 0 4 10
8 0 0 0 24 10
9 99 0 0 24 21
7 0 0 0 6 10
7 0 0 0 21 4
7 0 0 0 19 9
8 0 0 0 13 23
7 0 0 0 6 23
10 10 0 0 13 14
7 0 0 0 21 8
10 10 0 0 7 2
9 99 0 0 6 17
8 0 0 0 15 23
10 10 0 0 1 1
6 0 0 0 19 12
7 0 0 0 1 10
9 99 0 0 3 20
9 99 0 0 21 18
7 0 0 0 8 12
7 0 0 0 3 10
7 0 0 0 6 9
7 0 0 0 9 12
7 0 0 0 7 9
8 0 0 0 15 12
7 0 0 0 14 1
10 10 0 0 11 16
6 0 0 0 15 1
9 99 0 0 1 17
10 10 0 0 14 18
10 10 0 0 12 13
7 0 0 0 19 10
8 0 0 0 6 7
7 0 0 0 7 12
7 0 0 0 22 6
9 99 0 0 7 18
9 99 0 0 1 21
8 0 0 0 0 6
9 99 0 0 19 19
8 0 0 0 24 11
8 0 0 0 14 23
8 0 0 0 15 24
7 0 0 0 7 10
7 0 0 0 7 11
7 0 0 0 8 11
7 0 0 0 8 10
7 0 0 0 13 2
10 10 0 0 13 19
8 0 0 0 8 7
6 0 0 0 23 13
8 0 0 0 12 10
7 0 0 0 6 11
9 99 0 0 10 8
9 99 0 0 24 19
9 99 0 0 10 7
7 0 0 0 15 0
7 0 0 0 4 9
7 0 0 0 3 9
7 0 0 0 5 9
7 0 0 0 7 8
7 0 0 0 8 9
9 99 0 0 3 20
9 99 0 0 9 2
8 0 0 0 6 5
9 99 0 0 23 19
8 0 0 0 23 10
10 10 0 0 7 0
8 0 0 0 7 6
9 99 0 0 2 13
7 0 0 0 21 3
8 0 0 0 1 4
8 0 0 0 13 9
10 10 0 0 4 0
6 0 0 0 20 11
9 99 0 0 0 18
7 0 0 0 20 10
7 0 0 0 0 9
7 0 0 0 22 8
9 99 0 0 23 21
9 99 0 0 5 17
10 10 0 0 12 16
9 99 0 0 0 14
7 0 0 0 6 8
9 99 0 0 5 15
8 0 0 0 16 24
10 10 0 0 6 1
7 0 0 0 3 8
7 0 0 0 0 8
7 0 0 0 3 7
7 0 0 0 21 11
7 0 0 0 0 7
8 0 0 0 13 11
8 0 0 0 17 15
6 0 0 0 22 12
9 99 0 0 24 22
10 10 0 0 2 4
10 10 0 0 6 2
9 99 0 0 3 19
9 99 0 0 6 18
8 0 0 0 4 8
7 0 0 0 2 10
7 0 0 0 13 1
10 10 0 0 2 3
9 99 0 0 22 17
10 10 0 0 10 17
7 0 0 0 22 4
8 0 0 0 13 24
7 0 0 0 9 11
10 10 0 0 2 0
8 0 0 0 14 22
8 0 0 0 14 24
7 0 0 0 23 5
6 0 0 0 23 14
9 99 0 0 6 20
9 99 0 0 2 14
9 99 0 0 1 18
7 0 0 0 23 8
10 10 0 0 13 21
9 99 0 0 9 9
9 99 0 0 2 19
7 0 0 0 2 9
7 0 0 0 13 0
9 99 0 0 4 17
6 0 0 0 22 15
7 0 0 0 13 6
6 0 0 0 20 18
9 99 0 0 23 23
9 99 0 0 9 7
7 0 0 0 21 9
7 0 0 0 8 21
9 99 0 0 8 4
10 10 0 0 4 3
10 10 0 0 9 15
9 99 0 0 10 2
8 0 0 0 6 6
8 0 0 0 0 4
7 0 0 0 1 9
7 0 0 0 22 9
10 10 0 0 4 5
10 10 0 0 14 20
7 0 0 0 2 8
8 0 0 0 12 11
8 0 0 0 16 15
6 0 0 0 23 12
9 99 0 0 23 20
10 10 0 0 12 15
7 0 0 0 23 4
10 10 0 0 5 2
7 0 0 0 22 5
10 10 0 0 3 5
9 99 0 0 5 20
9 99 0 0 10 9
7 0 0 0 12 0
8 0 0 0 11 6
8 0 0 0 18 12
8 0 0 0 14 12
7 0 0 0 16 10
9 99 0 0 8 5
10 10 0 0 10 12
9 99 0 0 4 23
9 99 0 0 21 19
8 0 0 0 12 20
10 10 0 0 13 16
9 99 0 0 2 16
9 99 0 0 6 4
10 10 0 0 9 18
9 99 0 0 7 1
10 10 0 0 6 0
6 0 0 0 19 11
10 10 0 0 15 18
10 10 0 0 12 14
9 99 0 0 8 18
9 99 0 0 20 19
9 99 0 0 7 21
10 10 0 0 13 20
10 10 0 0 1 2
10 10 0 0 9 13
6 0 0 0 24 13
10 10 0 0 13 17
9 99 0 0 9 3
9 99 0 0 2 12
9 99 0 0 8 17
10 10 0 0 5 1
9 99 0 0 8 8
9 99 0 0 4 19
7 0 0 0 4 7
7 0 0 0 24 5
10 10 0 0 3 3
9 99 0 0 3 14
9 99 0 0 23 24
9 99 0 0 2 23
9 99 0 0 7 4
10 10 0 0 0 3
9 99 0 0 5 21
7 0 0 0 14 9
10 10 0 0 9 16
10 10 0 0 11 13
9 99 0 0 3 22
8 0 0 0 24 7
10 10 0 0 10 20
8 0 0 0 14 10
9 99 0 0 8 2
7 0 0 0 21 2
7 0 0 0 9 22
9 99 0 0 0 20
9 99 0 0 24 20
9 99 0 0 1 16
10 10 0 0 13 13
9 99 0 0 7 17
9 99 0 0 19 18
9 99 0 0 11 8
9 99 0 0 4 16
9 99 0 0 5 18
9 99 0 0 5 14
7 0 0 0 1 8
7 0 0 0 22 11
7 0 0 0 1 7
10 10 0 0 1 3
7 0 0 0 22 3
9 99 0 0 6 21
9 99 0 0 10 5
9 99 0 0 1 14
9 99 0 0 2 18
9 99 0 0 3 21
9 99 0 0 9 8
10 10 0 0 8 15
10 10 0 0 14 21
8 0 0 0 16 14
7 0 0 0 17 10
9 99 0 0 5 23
10 10 0 0 14 16
9 99 0 0 7 19
10 10 0 0 10 18
10 10 0 0 5 0
10 10 0 0 15 19
9 99 0 0 4 15
10 10 0 0 13 18
9 99 0 0 9 4
9 99 0 0 8 16
10 10 0 0 7 16
7 0 0 0 24 4
9 99 0 0 24 24
9 99 0 0 4 21
7 0 0 0 23 11
7 0 0 0 22 2
7 0 0 0 23 2
9 99 0 0 3 18
7 0 0 0 12 8
6 0 0 0 21 17
9 99 0 0 1 15
9 99 0 0 22 18
9 99 0 0 10 6
9 99 0 0 4 13
6 0 0 0 21 1
9 99 0 0 0 16
7 0 0 0 14 6
9 99 0 0 2 20
9 99 0 0 6 16
10 10 0 0 11 17
9 99 0 0 2 17
10 10 0 0 10 16
9 99 0 0 18 19
10 10 0 0 10 14
9 99 0 0 3 15
9 99 0 0 3 13
9 99 0 0 23 22
9 99 0 0 5 16
7 0 0 0 2 7
7 0 0 0 2 6
9 99 0 0 6 19
10 10 0 0 2 1
9 99 0 0 7 20
9 99 0 0 10 3
10 10 0 0 13 22
9 99 0 0 3 24
7 0 0 0 9 21
10 10 0 0 10 15
9 99 0 0 22 20
7 0 0 0 23 3
10 10 0 0 3 6
9 99 0 0 3 23
10 10 0 0 13 15
9 99 0 0 3 16
9 99 0 0 7 22
10 10 0 0 9 14
9 99 0 0 1 12
9 99 0 0 4 20
10 10 0 0 3 4
9 99 0 0 7 5
10 10 0 0 11 12
10 10 0 0 11 20
9 99 0 0 1 20
9 99 0 0 18 18
9 99 0 0 11 9
9 99 0 0 4 18
9 99 0 0 5 13
7 0 0 0 1 6
9 99 0 0 2 21
10 10 0 0 7 15
10 10 0 0 14 17
10 10 0 0 10 19
9 99 0 0 10 4
7 0 0 0 24 3
7 0 0 0 10 21
7 0 0 0 24 2
7 0 0 0 24 1
...